    #Muestra numJDBCCount numHTTPCount     numHTTPQ
           0            1            5          885
           1            1            5          823
           2            0            5          964
           3            2            5          922
           4            1            5         1029
           5            1            5          959
           6            3            5         1037
           7            0            5         1000
           8            2            5         1048
           9            0            5          999
          10            0            5          946
          11            2            5         1023
          12            0            5         1014
          13            0            5          996
          14            0            5          960
          15            0            5         1037
          16            3            5         1027
          17            1            5         1001
          18            0            5          993
          19            3            5          940
          20            0            5         1011
          21            2            5          980
          22            0            5          991
          23            0            5          943
          24            0            5          964
          25            0            5          954
          26            0            5          918
          27            1            5          972
          28            0            5          908
          29            1            5          965
          30            1            5          913
          31            0            5          953
          32            1            5         1011
          33            1            5          983
          34            1            5          981
          35            0            5          989
          36            0            5          944
          37            3            5         1012
          38            1            5         1032
          39            2            5          978
          40            2            5         1021
          41            0            5         1030
          42            0            5         1000
          43            2            5         1003
          44            0            5          997
          45            1            5          949
          46            0            5         1020
          47            0            5         1013
          48            0            5          976
          49            0            5         1025
          50            0            5         1051
          51            2            5         1014
          52            1            5         1061
          53            1            5         1114
          54            0            5         1074
          55            1            5         1244
          56            1            5         1378
          57            0            5         1367
          58            1            5         1490
          59            3            5         1626
          60            0            5         1598
          61            1            5         1759
          62            2            5         1750
          63            1            5         1652
          64            5            5         1712
          65            1            5         1634
          66            0            5         1696
          67            0            5         1550
          68            1            5         1427
          69            1            5         1382
          70            1            5         1283
          71            1            5         1323
          72            1            4         1207
          73            1            5         1133
          74            2            5         1095
          75            1            5         1058
          76            0            5         1060
          77            0            5         1036
          78            0            5         1028
          79            1            5         1014
          80            0            5         1030
          81            0            5          999
          82            0            5          992
          83            2            5          992
          84            0            5          949
          85            0            5         1053
          86            0            5         1014
          87            0            5          973
          88            1            5          979
          89            0            5          980
          90            0            5         1028
          91            2            5          996
          92            1            5         1021
          93            2            5         1004
          94            0            5          955
          95            0            5         1037
          96            3            5         1013
          97            0            5         1007
          98            3            5         1182
          99            2            5         1136
         100            1            5         1100
         101            1            5         1077
         102            1            5         1016
         103            0            5         1052
         104            0            5         1002
         105            0            5         1017
         106            0            5         1012
         107            0            5         1046
         108            3            5         1040
         109            0            5          993
         110            5            5          992
         111            0            5         1034
         112            0            5          969
         113            1            5         1048
         114            0            5         1054
         115            1            5         1114
         116            2            5         1094
         117            1            5         1196
         118            0            5         1290
         119            0            5         1404
         120            1            4         1393
         121            0            5         1536
         122            0            5         1607
         123            0            5         1779
         124            2            5         1756
         125            2            5         1795
         126            2            5         1765
         127            0            5         1777
         128            1            5         1767
         129            1            5         1739
         130            1            5         1633
         131            1            5         1719
         132            2            5         1609
         133            4            5         1524
         134            1            5         1568
         135            0            5         1529
         136            2            5         1387
         137            1            5         1324
         138            0            5         1244
         139            1            5         1235
         140            0            5         1142
         141            0            5         1151
         142            2            5         1092
         143            1            5         1139
         144            0            5         1062
         145            0            5         1047
         146            0            5         1075
         147            2            5         1033
         148            1            5         1029
         149            1            5         1011
         150            0            5         1021
         151            0            5         1078
         152            2            5         1027
         153            0            5          990
         154            0            5          981
         155            1            5          983
         156            0            5         1042
         157            1            5          983
         158            0            5         1059
         159            1            5         1010
         160            1            5         1057
         161            2            5         1088
         162            1            5         1030
         163            4            5         1029
         164            0            5         1013
         165            0            5         1056
         166            1            5         1011
         167            1            5         1042
         168            2            5         1025
         169            3            5         1026
         170            0            5         1037
         171            0            5         1076
         172            1            5         1026
         173            1            5         1034
         174            3            5         1030
         175            1            5         1043
         176            0            5         1077
         177            0            5         1030
         178            0            5         1073
         179            1            5         1080
         180            0            5         1121
         181            1            5         1149
         182            0            5         1223
         183            1            5         1191
         184            0            5         1258
         185            1            5         1376
         186            1            5         1447
         187            1            5         1528
         188            1            5         1636
         189            0            5         1572
         190            0            5         1654
         191            0            5         1692
         192            1            5         1673
         193            1            5         1754
         194            0            5         1673
         195            0            5         1705
         196            1            5         1669
         197            2            5         1599
         198            0            5         1644
         199            0            5         1646
         200            0            5         1557
         201            2            5         1547
         202            4            5         1466
         203            0            5         1432
         204            0            5         1443
         205            0            5         1338
         206            1            5         1343
         207            1            5         1301
         208            0            5         1220
         209            1            5         1224
         210            1            5         1207
         211            2            5         1226
         212            2            5         1162
         213            4            5         1178
         214            1            5         1107
         215            0            5         1172
         216            0            5         1135
         217            0            5         1148
         218            0            5         1067
         219            0            5         1097
         220            0            5         1072
         221            1            5         1094
         222            0            5         1109
         223            0            5         1105
         224            1            5         1049
         225            1            5         1087
         226            0            5         1097
         227            0            5         1116
         228            0            5         1058
         229            1            5         1094
         230            1            5         1098
         231            1            5         1049
         232            2            5         1065
         233            1            5         1005
         234            0            5         1025
         235            0            5         1035
         236            0            5          981
         237            1            5          989
         238            0            5         1006
         239            0            5         1024
         240            2            5         1066
         241            2            5         1025
         242            0            5         1088
         243            0            5         1066
         244            2            5         1132
         245            0            5         1100
         246            1            5         1155
         247            2            5         1180
         248            0            5         1211
         249            1            5         1312
         250            0            5         1298
         251            0            5         1400
         252            2            5         1472
         253            0            5         1447
         254            0            5         1537
         255            0            5         1587
         256            0            5         1623
         257            0            5         1701
         258            4            5         1644
         259            0            5         1659
         260            1            5         1579
         261            1            5         1472
         262            1            5         1533
         263            0            5         1531
         264            0            5         1411
         265            1            5         1449
         266            0            5         1266
         267            2            5         1313
         268            1            5         1287
         269            0            5         1201
         270            0            5         1220
         271            2            5         1181
         272            0            5         1150
         273            0            5         1158
         274            4            5         1173
         275            0            5         1093
         276            0            5         1085
         277            1            5         1078
         278            1            5         1106
         279            1            5         1075
         280            0            5         1034
         281            1            5         1054
         282            1            5         1010
         283            4            5         1042
         284            0            5         1087
         285            1            5         1024
         286            2            5         1042
         287            0            5         1022
         288            1            5         1010
         289            1            5         1050
         290            2            5          995
         291            2            5         1023
         292            3            5         1017
         293            0            5         1025
         294            0            5         1024
         295            0            5         1017
         296            1            5          966
         297            0            5          927
         298            1            5          871
         299            1            5          872
         300            1            5          888
         301            0            5          837
         302            2            5          836
         303            1            5          814
         304            0            5          811
         305            2            5          795
         306            3            5          763

TOT.MUESTRAS        MEDIA:
         307     0,843648      4,99349      1169,14
